SERVER = 127.0.0.1
PORT = 1970
DEF_COORD = 40.012102,-105.245998
INTERFACE = eth0

